<?xml version="1.0"?>
<opencv_storage>
<calibrationDate>"Sun Jan 10 00:37:12 2021"</calibrationDate>
<framesCount>29</framesCount>
<cameraResolution>
  1080 1920</cameraResolution>
<cameraMatrix type_id="opencv-matrix">
  <rows>3</rows>
  <cols>3</cols>
  <dt>d</dt>
  <data>
    1.7784347444117607e+03 0. 5.4886340471741903e+02 0.
    1.7784347444117607e+03 9.6311903557261257e+02 0. 0. 1.</data></cameraMatrix>
<cameraMatrix_std_dev type_id="opencv-matrix">
  <rows>4</rows>
  <cols>1</cols>
  <dt>d</dt>
  <data>
    0. 9.4409713714153121e+00 3.2838189925214896e+00
    1.4305818666037029e+00</data></cameraMatrix_std_dev>
<dist_coeffs type_id="opencv-matrix">
  <rows>1</rows>
  <cols>5</cols>
  <dt>d</dt>
  <data>
    2.2443922948285003e-01 -1.2969006095345192e+00 0. 0.
    2.4496842192856834e+00</data></dist_coeffs>
<dist_coeffs_std_dev type_id="opencv-matrix">
  <rows>5</rows>
  <cols>1</cols>
  <dt>d</dt>
  <data>
    6.2815570378806640e-03 4.5250875893109208e-02 0. 0.
    1.1277290108301788e-01</data></dist_coeffs_std_dev>
<avg_reprojection_error>2.2776331791790552e-01</avg_reprojection_error>
</opencv_storage>
